+--------------------------------------------+-----------+------------+-----------+---------+----------+
| Layer                                      |  Cycles   |    Ops     | Ops/Cycle |  % ops  | % cycles |
+============================================+===========+============+===========+=========+==========+
| S4__first_conv_Conv_fusion                 | 1,042,804 |  5,376,000 |     5.155 |  21.689 |   20.184 |
+--------------------------------------------+-----------+------------+-----------+---------+----------+
| S15__resBlock1_bypass_Conv_fusion          |   160,397 |    409,600 |     2.554 |   1.652 |    3.105 |
+--------------------------------------------+-----------+------------+-----------+---------+----------+
| S5__first_conv_Conv_fusion_qout0           |    54,674 |     51,200 |     0.936 |   0.207 |    1.058 |
+--------------------------------------------+-----------+------------+-----------+---------+----------+
| S8__resBlock1_conv1_Conv_fusion            |   652,600 |  3,699,200 |     5.668 |  14.924 |   12.631 |
+--------------------------------------------+-----------+------------+-----------+---------+----------+
| S11__resBlock1_conv2_Conv_fusion           |   491,027 |  3,699,200 |     7.534 |  14.924 |    9.504 |
+--------------------------------------------+-----------+------------+-----------+---------+----------+
| S17_expr_0                                 |    22,056 |     12,800 |     0.580 |   0.052 |    0.427 |
+--------------------------------------------+-----------+------------+-----------+---------+----------+
| S29__resBlock2_bypass_Conv_fusion          |    65,659 |    204,800 |     3.119 |   0.826 |    1.271 |
+--------------------------------------------+-----------+------------+-----------+---------+----------+
| S19__resBlock2_conv1_Conv_reshape_in_qout0 |    14,225 |     12,800 |     0.900 |   0.052 |    0.275 |
+--------------------------------------------+-----------+------------+-----------+---------+----------+
| S22__resBlock2_conv1_Conv_fusion           |   390,904 |  1,849,600 |     4.732 |   7.462 |    7.566 |
+--------------------------------------------+-----------+------------+-----------+---------+----------+
| S25__resBlock2_conv2_Conv_fusion           |   587,626 |  3,692,800 |     6.284 |  14.898 |   11.374 |
+--------------------------------------------+-----------+------------+-----------+---------+----------+
| S31_expr_1                                 |    10,431 |      6,400 |     0.614 |   0.026 |    0.202 |
+--------------------------------------------+-----------+------------+-----------+---------+----------+
| S43__resBlock3_bypass_Conv_fusion          |    44,023 |    204,800 |     4.652 |   0.826 |    0.852 |
+--------------------------------------------+-----------+------------+-----------+---------+----------+
| S33__resBlock3_conv1_Conv_reshape_in_qout0 |     7,367 |      6,400 |     0.869 |   0.026 |    0.143 |
+--------------------------------------------+-----------+------------+-----------+---------+----------+
| S36__resBlock3_conv1_Conv_fusion           |   619,338 |  1,846,400 |     2.981 |   7.449 |   11.988 |
+--------------------------------------------+-----------+------------+-----------+---------+----------+
| S39__resBlock3_conv2_Conv_fusion           |   987,256 |  3,689,600 |     3.737 |  14.885 |   19.109 |
+--------------------------------------------+-----------+------------+-----------+---------+----------+
| S45_expr_2                                 |     5,387 |      3,200 |     0.594 |   0.013 |    0.104 |
+--------------------------------------------+-----------+------------+-----------+---------+----------+
| S48__fc_MatMul                             |     6,720 |     22,400 |     3.333 |   0.090 |    0.130 |
+--------------------------------------------+-----------+------------+-----------+---------+----------+
| S52__Slice_split_reshape_qout0             |       674 |          3 |     0.004 |   0.000 |    0.013 |
+--------------------------------------------+-----------+------------+-----------+---------+----------+
| S53__softmax_Softmax                       |     1,028 |          3 |     0.003 |   0.000 |    0.020 |
+--------------------------------------------+-----------+------------+-----------+---------+----------+
| S56__Slice_reshape1_copy                   |       300 |          1 |     0.003 |   0.000 |    0.006 |
+--------------------------------------------+-----------+------------+-----------+---------+----------+
| S58__Slice_2_tin_copy                      |       303 |          3 |     0.010 |   0.000 |    0.006 |
+--------------------------------------------+-----------+------------+-----------+---------+----------+
| S60__sig_Sigmoid                           |       724 |          1 |     0.001 |   0.000 |    0.014 |
+--------------------------------------------+-----------+------------+-----------+---------+----------+
| S61__sig_1_Sigmoid                         |       370 |          1 |     0.003 |   0.000 |    0.007 |
+--------------------------------------------+-----------+------------+-----------+---------+----------+
| S62__sig_2_Sigmoid                         |       370 |          1 |     0.003 |   0.000 |    0.007 |
+--------------------------------------------+-----------+------------+-----------+---------+----------+
| S65__Concat_reshape_copy                   |       224 |          3 |     0.013 |   0.000 |    0.004 |
+--------------------------------------------+-----------+------------+-----------+---------+----------+
| IO_Wait                                    |         0 |          0 |       nan |   0.000 |    0.000 |
+--------------------------------------------+-----------+------------+-----------+---------+----------+
| Total                                      | 5,166,487 | 24,787,216 |     4.798 | 100.000 |  100.000 |
+--------------------------------------------+-----------+------------+-----------+---------+----------+