+-----------------------------------+---------+------------+-----------+---------+----------+
| Layer                             | Cycles  |    Ops     | Ops/Cycle |  % ops  | % cycles |
+===================================+=========+============+===========+=========+==========+
| S4__first_conv_Conv_fusion        | 424,670 |  5,453,600 |    12.842 |  22.035 |   52.123 |
+-----------------------------------+---------+------------+-----------+---------+----------+
| S7__resBlock1_conv1_Conv_fusion   |  76,732 |  3,686,400 |    48.043 |  14.895 |    9.418 |
+-----------------------------------+---------+------------+-----------+---------+----------+
| S10__resBlock1_conv2_Conv_fusion  |  37,735 |  3,686,400 |    97.692 |  14.895 |    4.631 |
+-----------------------------------+---------+------------+-----------+---------+----------+
| S14__resBlock1_bypass_Conv_fusion |  18,697 |    409,600 |    21.907 |   1.655 |    2.295 |
+-----------------------------------+---------+------------+-----------+---------+----------+
| S16_expr_0                        |  18,625 |     12,800 |     0.687 |   0.052 |    2.286 |
+-----------------------------------+---------+------------+-----------+---------+----------+
| S20__resBlock2_conv1_Conv_fusion  |  39,087 |  1,843,200 |    47.156 |   7.447 |    4.797 |
+-----------------------------------+---------+------------+-----------+---------+----------+
| S23__resBlock2_conv2_Conv_fusion  |  47,918 |  3,686,400 |    76.931 |  14.895 |    5.881 |
+-----------------------------------+---------+------------+-----------+---------+----------+
| S27__resBlock2_bypass_Conv_fusion |   9,695 |    204,800 |    21.124 |   0.827 |    1.190 |
+-----------------------------------+---------+------------+-----------+---------+----------+
| S29_expr_1                        |  10,478 |      6,400 |     0.611 |   0.026 |    1.286 |
+-----------------------------------+---------+------------+-----------+---------+----------+
| S33__resBlock3_conv1_Conv_fusion  |  57,845 |  1,843,200 |    31.864 |   7.447 |    7.100 |
+-----------------------------------+---------+------------+-----------+---------+----------+
| S36__resBlock3_conv2_Conv_fusion  |  50,063 |  3,686,400 |    73.635 |  14.895 |    6.145 |
+-----------------------------------+---------+------------+-----------+---------+----------+
| S40__resBlock3_bypass_Conv_fusion |   8,462 |    204,800 |    24.202 |   0.827 |    1.039 |
+-----------------------------------+---------+------------+-----------+---------+----------+
| S42_expr_2                        |   4,939 |      3,200 |     0.648 |   0.013 |    0.606 |
+-----------------------------------+---------+------------+-----------+---------+----------+
| S45__fc_MatMul                    |   5,792 |     22,400 |     3.867 |   0.091 |    0.711 |
+-----------------------------------+---------+------------+-----------+---------+----------+
| S49__Slice_split_reshape_qout0_0  |     729 |          3 |     0.004 |   0.000 |    0.089 |
+-----------------------------------+---------+------------+-----------+---------+----------+
| S50__softmax_Softmax              |   1,073 |          3 |     0.003 |   0.000 |    0.132 |
+-----------------------------------+---------+------------+-----------+---------+----------+
| S53__Slice_reshape1_copy          |     300 |          1 |     0.003 |   0.000 |    0.037 |
+-----------------------------------+---------+------------+-----------+---------+----------+
| S55__Slice_2_tin_copy             |     298 |          3 |     0.010 |   0.000 |    0.037 |
+-----------------------------------+---------+------------+-----------+---------+----------+
| S57__sig_Sigmoid                  |     679 |          1 |     0.001 |   0.000 |    0.083 |
+-----------------------------------+---------+------------+-----------+---------+----------+
| S58__sig_1_Sigmoid                |     369 |          1 |     0.003 |   0.000 |    0.045 |
+-----------------------------------+---------+------------+-----------+---------+----------+
| S59__sig_2_Sigmoid                |     364 |          1 |     0.003 |   0.000 |    0.045 |
+-----------------------------------+---------+------------+-----------+---------+----------+
| S62__Concat_reshape_copy          |     203 |          3 |     0.015 |   0.000 |    0.025 |
+-----------------------------------+---------+------------+-----------+---------+----------+
| IO_Wait                           |       0 |          0 |       nan |   0.000 |    0.000 |
+-----------------------------------+---------+------------+-----------+---------+----------+
| Total                             | 814,753 | 24,749,616 |    30.377 | 100.000 |  100.000 |
+-----------------------------------+---------+------------+-----------+---------+----------+